vertex:
0.193 0.336
0.197 0.526
0.202 0.699
0.293 0.247
0.293 0.340
0.292 0.434
0.297 0.527
0.386 0.246
0.392 0.372
0.388 0.489
0.391 0.630
0.502 0.184
0.497 0.307
0.502 0.422
0.498 0.549
0.497 0.669
0.676 0.184
0.677 0.273
0.683 0.381
0.683 0.492
0.685 0.582
0.683 0.677
0.683 0.767
0.803 0.327
0.799 0.425
0.801 0.765
edge:
01 04
01 05
01 06
02 07
04 08
05 09
06 09
07 10
07 11
03 11
08 12
08 13
09 13
06 14
10 14
10 15
10 16
06 17
14 17
13 18
14 18
15 18
14 19
15 19
16 19
14 20
14 21
15 21
14 22
14 23
18 24
19 24
19 25
23 26
