vertex:
0.230 0.246
0.232 0.317
0.232 0.386
0.293 0.318
0.297 0.245
0.301 0.391
0.348 0.247
0.414 0.241
0.352 0.321
0.412 0.326
0.352 0.394
0.425 0.389
0.478 0.242
0.478 0.393
0.549 0.380
0.577 0.244
0.575 0.392
0.638 0.388
0.667 0.234
0.675 0.390
0.751 0.387
0.740 0.232
0.206 0.566
0.230 0.703
0.258 0.563
0.284 0.698
0.310 0.568
0.346 0.566
0.340 0.700
0.396 0.699
0.405 0.559
0.455 0.552
0.459 0.617
0.451 0.702
0.543 0.540
0.534 0.606
0.539 0.699
0.581 0.549
0.575 0.704
0.649 0.678
0.670 0.551
0.677 0.702
0.751 0.589
0.756 0.661
edge:
01 02
02 03
02 04
04 05
04 06

07 08
07 09
09 10
09 11
11 12

13 14
14 15

16 17
17 18

19 20
20 21
21 22
22 19

23 24
24 25
25 26
26 27

28 29
29 30
30 31
31 28

32 33
33 34
32 35
35 36
36 33
33 37

38 39
39 40

41 42
41 43
43 44
44 42
